1.973460504134653092e-03
1.462671686255857251e-01
2.802185127639988949e-01
4.046241913214881913e-01
5.202087545549156644e-01
6.276367768781130341e-01
7.275222077116927366e-01
8.204354768622709182e-01
9.069088385102882510e-01
9.874403585408030315e-01
1.062496880288883006e+00
1.132516242185150013e+00
1.197908966472258196e+00
1.259059590725611910e+00
1.316327773104899457e+00
1.370049267830322215e+00
1.420536838968573967e+00
1.468081157769519862e+00
1.512951710950222628e+00
1.555397733850173214e+00
1.595649172620151823e+00
1.633917672905788265e+00
1.670397588231695041e+00
1.705266998928524069e+00
1.738688731490666495e+00
1.770811368300450717e+00
1.801770238375179911e+00
1.831688380925877269e+00
1.860677474863308145e+00
1.888838728802927580e+00
1.916263727504901482e+00
1.943035231972207733e+00
1.969227931579881297e+00
1.994909147602583310e+00
2.020139488341132772e+00
2.044973456726469685e+00
2.069460011812942479e+00
2.093643085976736540e+00
2.117562059926095586e+00
2.141252197824378367e+00
2.164745044941062346e+00
2.036387171088886561e+00
1.964571977011069448e+00
1.895157256974889348e+00
1.827747675717954934e+00
1.762008013009729757e+00
1.697650602514419793e+00
1.634425649561274563e+00
1.572113671685843928e+00
1.510519522878042142e+00
1.449467611627431651e+00
1.388798026880311287e+00
1.328363359561045121e+00
1.268026059936552041e+00
1.207656209178336937e+00
1.147129611288096207e+00
1.086326132029403757e+00
1.025128226673978737e+00
9.634196096417022570e-01
9.010840274868693323e-01
8.380041028679634518e-01
7.740602216402467928e-01
7.091294383901325382e-01
6.430843778429734536e-01
5.757921107986841980e-01
5.071129837000366569e-01
4.368993806870994367e-01
3.649943960694626566e-01
2.912303935527036369e-01
2.154274262517725802e-01
1.373914884435457062e-01
5.691256605081240760e-02
-2.623755213272801340e-02
-1.123077466623182835e-01
-2.015703749487890994e-01
-2.943244753300914285e-01
-3.908994406124720600e-01
-4.916592483299602190e-01
-5.970073527092691901e-01
-7.073923653339524442e-01
-8.233146789082427253e-01
