1.000000000000000000e+00
1.024999999999999911e+00
1.050000000000000044e+00
1.074999999999999956e+00
1.100000000000000089e+00
1.125000000000000000e+00
1.149999999999999911e+00
1.175000000000000044e+00
1.199999999999999956e+00
1.225000000000000089e+00
1.250000000000000000e+00
1.274999999999999911e+00
1.300000000000000044e+00
1.324999999999999956e+00
1.350000000000000089e+00
1.375000000000000000e+00
1.399999999999999911e+00
1.425000000000000044e+00
1.449999999999999956e+00
1.475000000000000089e+00
1.500000000000000000e+00
1.524999999999999911e+00
1.550000000000000044e+00
1.575000000000000178e+00
1.600000000000000089e+00
1.625000000000000000e+00
1.649999999999999911e+00
1.675000000000000044e+00
1.700000000000000178e+00
1.725000000000000089e+00
1.750000000000000000e+00
1.774999999999999911e+00
1.800000000000000044e+00
1.825000000000000178e+00
1.850000000000000089e+00
1.875000000000000000e+00
1.899999999999999911e+00
1.925000000000000044e+00
1.950000000000000178e+00
1.975000000000000089e+00
2.000000000000000000e+00
1.949999999999999956e+00
1.925641025641025683e+00
1.901282051282051189e+00
1.876923076923076916e+00
1.852564102564102422e+00
1.828205128205128149e+00
1.803846153846153877e+00
1.779487179487179382e+00
1.755128205128205110e+00
1.730769230769230838e+00
1.706410256410256343e+00
1.682051282051282071e+00
1.657692307692307576e+00
1.633333333333333304e+00
1.608974358974359031e+00
1.584615384615384537e+00
1.560256410256410264e+00
1.535897435897435770e+00
1.511538461538461497e+00
1.487179487179487225e+00
1.462820512820512731e+00
1.438461538461538458e+00
1.414102564102563964e+00
1.389743589743589691e+00
1.365384615384615419e+00
1.341025641025640924e+00
1.316666666666666652e+00
1.292307692307692157e+00
1.267948717948717885e+00
1.243589743589743613e+00
1.219230769230769340e+00
1.194871794871794846e+00
1.170512820512820351e+00
1.146153846153846079e+00
1.121794871794871806e+00
1.097435897435897534e+00
1.073076923076923039e+00
1.048717948717948545e+00
1.024358974358974272e+00
1.000000000000000000e+00
