1.009740101609822409e-03
1.452339410817540255e-01
2.768946724107794188e-01
3.981116833242254183e-01
5.105706040562969505e-01
6.156249345187349009e-01
7.143711231622282831e-01
8.077045540953985414e-01
8.963617964918619840e-01
9.809528381901788663e-01
1.061985928384455269e+00
1.139886905071048950e+00
1.215014363972453104e+00
1.287671661471232909e+00
1.358116485363876524e+00
1.426568541339076734e+00
1.493215768072194249e+00
1.558219394791545476e+00
1.621718081841854620e+00
1.683831329992361070e+00
1.744662302976272894e+00
1.679228127656169800e+00
1.612978502127523139e+00
1.545783530602443001e+00
1.477497481206351493e+00
1.407955937870619234e+00
1.336972361995411251e+00
1.264333918528114387e+00
1.189796379653491831e+00
1.113077864272930206e+00
1.033851097810644992e+00
9.517337774503247250e-01
8.662764923776689052e-01
7.769474620294999356e-01
6.831130957536073467e-01
5.840130119507809248e-01
4.787276343965094494e-01
3.661357317160937597e-01
2.448581677166087600e-01
1.131824931334268619e-01
-3.103945904603575695e-02
