9.854179840901664943e-04
1.415095469359449742e-01
2.623571650469227468e-01
3.658937105720909688e-01
4.540444883155365097e-01
5.284346318721251379e-01
5.904828537230029095e-01
6.414623855820236198e-01
6.825388358106643238e-01
7.147921929490033133e-01
7.392283866813904591e-01
7.567844157594851850e-01
7.683299346518325246e-01
7.746672942257795125e-01
7.765313249834762122e-01
7.745896128761694532e-01
7.694436267102422455e-01
7.616307896343155193e-01
7.516274206470900943e-01
7.398523813819466444e-01
7.266712267498958155e-01
6.301681243418727485e-01
5.430157916840008259e-01
4.629483698183467499e-01
3.882135220672890408e-01
3.174134710497515388e-01
2.493974481924529918e-01
1.831862813613393259e-01
1.179174626169068041e-01
5.280336399082902199e-02
-1.290220956457838533e-02
-7.993245265115328513e-02
-1.490334318432540717e-01
-2.209893808461822484e-01
-2.966492073450857081e-01
-3.769560299085667476e-01
-4.629818060003448865e-01
-5.559695969370824775e-01
-6.573868146040652283e-01
-7.689940388051044184e-01
-8.929359041101332384e-01
