1.973460504134808783e-03
2.838201700828576479e-01
5.337758178052833813e-01
7.562798529386546287e-01
9.549093758613163008e-01
1.132618179280490800e+00
1.291903482566077122e+00
1.434921329297287551e+00
1.563565560043814751e+00
1.679521197364438390e+00
1.784300200706899320e+00
1.879265421630435418e+00
1.965646969178547199e+00
2.044553945618693636e+00
2.116983554907861720e+00
2.183828867192507683e+00
2.245886000411568162e+00
2.303861117215370236e+00
2.358377397489768157e+00
2.409982002747179664e+00
2.459152971776163543e+00
2.300301311550995820e+00
2.149775111886096823e+00
2.005195951882510652e+00
1.864683192019261693e+00
1.726692243760436618e+00
1.589903686949601269e+00
1.453143816424766754e+00
1.315324776950443919e+00
1.175396718911828842e+00
1.032306857530570721e+00
8.849617104849288873e-01
7.321895256833789167e-01
5.727002019194743498e-01
4.050399474348775897e-01
2.275375379663422404e-01
3.823828879520791563e-02
-1.651793574579067669e-01
-3.855115902311425646e-01
-6.261711286993076886e-01
-8.913773527644993644e-01
