1.000000000000000000e+00
1.050000000000000044e+00
1.100000000000000089e+00
1.149999999999999911e+00
1.199999999999999956e+00
1.250000000000000000e+00
1.300000000000000044e+00
1.350000000000000089e+00
1.399999999999999911e+00
1.449999999999999956e+00
1.500000000000000000e+00
1.550000000000000044e+00
1.600000000000000089e+00
1.649999999999999911e+00
1.700000000000000178e+00
1.750000000000000000e+00
1.800000000000000044e+00
1.850000000000000089e+00
1.899999999999999911e+00
1.950000000000000178e+00
2.000000000000000000e+00
1.949999999999999956e+00
1.899999999999999911e+00
1.849999999999999867e+00
1.800000000000000044e+00
1.750000000000000000e+00
1.699999999999999956e+00
1.649999999999999911e+00
1.600000000000000089e+00
1.550000000000000044e+00
1.500000000000000000e+00
1.449999999999999956e+00
1.399999999999999911e+00
1.350000000000000089e+00
1.300000000000000044e+00
1.250000000000000000e+00
1.200000000000000178e+00
1.149999999999999911e+00
1.100000000000000089e+00
1.050000000000000044e+00
1.000000000000000000e+00
